   179
   126
   235
   159
    85
    25
    33
    16
   188
    48
   139
    52
    43
    30
    91
   239
    87
    77
   141
    90
    40
   171
   211
    44
   168
   100
    93
    16
    21
   101
   169
   144
    53
   186
   235
   252
   163
    77
    46
    67
    46
   188
    10
    50
    27
   194
    93
    26
   240
   238
   144
   177
    91
    52
    28
    16
   192
    84
    99
   255
    67
   125
   118
    60
    20
   133
   215
   199
   154
    78
   229
   189
   243
    61
   243
   100
   162
   174
    13
    36
   247
   237
   242
   149
   166
   166
     7
   168
    63
   153
    51
    11
   204
    92
   217
   100
   230
   226
   208
    38
    26
    36
    39
   132
   178
   105
   189
   150
    99
   185
    28
   213
    97
   202
   145
    88
   221
    65
   157
   121
   231
   147
   171
   191
   217
   109
    45
   202
   199
    48
   114
   181
   113
   188
    14
    11
   100
    36
   204
   199
   207
   255
   108
    16
   100
   205
   106
   137
    12
    46
